Here are some interesting polygons to try out the unfolding algorithm on. All of them were generated by first creating a random point cloud with respect to various distributions and then producing an alpha shape of the cloud.

Polygons are given as lists of vertices - the last vertex is repeated, since the polygons are closed. Simply remove the last vertex to make an arc.

Polygons generated using a uniform distribution:

[(0.004290940463553383, 0.811174022220635), (0.02921398044144763, 0.8787593832250118), (0.004517702601637308, 0.9776169585506858), (0.18600598914836386, 0.9899514362818096), (0.22689691603752882, 0.9400860384451739), (0.37212044208118944, 0.8969448801052792), (0.5300667751676886, 0.9287900146410544), (0.5778372141596275, 0.9726494293965833), (0.5861008260381689, 0.9837263112151959), (0.6518957656530512, 0.9966267351247031), (0.583343120058406, 0.9618672427463438), (0.6742928196381288, 0.78570892192822), (0.7027417195042281, 0.7289441397875523), (0.8374758358851503, 0.5866690692573445), (0.9518441864207796, 0.6648284774058111), (0.9678673840082316, 0.5701385038317429), (0.9718057175544085, 0.44485416687236123), (0.9282996365491853, 0.29348807045540315), (0.9442799870486372, 0.22169028415842706), (0.9780911510136211, 0.050377955109129346), (0.8574738825451107, 0.07952420302628727), (0.7616795273720293, 0.06844244127979637), (0.7218267759296405, 0.019228991889132963), (0.7001644630107065, 0.16127033276233615), (0.6470832999353038, 0.2062022828548754), (0.5812388597916682, 0.2796020234160064), (0.4237064791142864, 0.17124811973578102), (0.4454313298198367, 0.09568237797807044), (0.2753590595281902, 0.10982174688281388), (0.3567468418449581, 0.2691680694416141), (0.31358447938456013, 0.42179559550408474), (0.17755244475791343, 0.44106441078557024), (0.14342560097307822, 0.3196651024868017), (0.10513931104362928, 0.4587804328093693), (0.08393234603410327, 0.5644561016787456), (0.07252022274331171, 0.5849934757859409), (0.0061291914426326866, 0.6495079828821837), (0.1567277080825148, 0.6666628211788195), (0.17999562574667682, 0.778326703006977), (0.004290940463553383, 0.811174022220635)]

[(0.0037018921704210506, 0.8011011438839885), (0.034137833672792106, 0.8806877513310528), (0.008536313996952427, 0.9674814565288583), (0.019773148568316024, 0.9899760250185029), (0.0523688618501581, 0.9846838381072539), (0.13517269368360763, 0.9976313167616526), (0.11207675391064753, 0.9025921160419877), (0.2124039148357607, 0.8342555815675753), (0.2133211251553776, 0.76364393290966), (0.26889939392864604, 0.7137217565622773), (0.34267415460629613, 0.8130959665848612), (0.28639235597927903, 0.9042892664453414), (0.2911825361017851, 0.9092463770110568), (0.31763491137241673, 0.8942294042138849), (0.40689528736393066, 0.9209593158111702), (0.4137259662060697, 0.9686449748127784), (0.5283567721364089, 0.9833672895809229), (0.5937749235375808, 0.9969594216281981), (0.6930495511937956, 0.9951632990185598), (0.700691717466511, 0.9961722081124067), (0.7810460629474936, 0.9920626790649073), (0.9116155160789828, 0.993356393558074), (0.9392292777571963, 0.9675548753296749), (0.9872802516052138, 0.9109677380527305), (0.9844836132606432, 0.8196050786502322), (0.9757522815825153, 0.7222995270614785), (0.958122979192567, 0.611626307551405), (0.999631622546661, 0.5864249337522384), (0.9764037277554753, 0.5107498861783613), (0.9160221286552829, 0.4318361075075362), (0.9090651182397966, 0.4195776500196541), (0.896783851314586, 0.42217482497426195), (0.7961097502920037, 0.3449721986822195), (0.7828825516271921, 0.2618553810726224), (0.8134838360658856, 0.16075519616121248), (0.9254679276949196, 0.18059154140573774), (0.8258149303357357, 0.10286389784407624), (0.9056644125245266, 0.022801729432005313), (0.7899306776196955, 0.04942157925176549), (0.768128444713899, 0.014871876464480183), (0.6750079244105702, 0.01606824994293443), (0.6581916272538342, 0.007088536089537079), (0.5640747594629204, 0.05369163043583247), (0.5071352524971593, 0.005522625025349837), (0.4346911896296951, 0.08379864970447226), (0.3707203242341153, 0.07367104581723805), (0.33901763552197983, 0.053952469105099765), (0.2889015355955561, 0.01649970365075204), (0.1922651758026489, 0.008686407973560684), (0.29389365327553685, 0.07053488553746001), (0.2963483975010184, 0.1314392379299376), (0.23842701405145938, 0.2017994194586017), (0.1601799572840189, 0.14798047354932387), (0.1513257127862001, 0.21221658199205273), (0.14317157050976625, 0.2371674246374258), (0.02503131564706429, 0.24229738894346808), (0.015582831988740886, 0.3339316221139943), (0.04460167144939331, 0.4520687386121056), (0.043911037298974054, 0.34227714216855676), (0.12995400765420762, 0.3113786770031083), (0.16927396064713085, 0.388581293174898), (0.16865899676789553, 0.39900323819325567), (0.24165230289520234, 0.45012308139397894), (0.30270166866216364, 0.5274039409232751), (0.2841741062885802, 0.6019091712655684), (0.16575442233128035, 0.5809491985994925), (0.13935027932312427, 0.6602524320412848), (0.17838613238703727, 0.7531118143153627), (0.04971643312551988, 0.7403677121257398), (0.008003312438551902, 0.744892855179962), (0.0037018921704210506, 0.8011011438839885)]

Polygons generated using shifted uniform distributions:

[(0.0038875466460271957, 0.5627325634651005), (0.11880304321906354, 0.7181787750823164), (0.13812255555459962, 0.8379093976682515), (0.2722839630752746, 0.9554446472012296), (0.31182055701753886, 0.9625695564002911), (0.35941920278663075, 0.9401813488964581), (0.5816676274560741, 0.8687810273386295), (0.5385545380838126, 0.8267857980370737), (0.4646255462620933, 0.777137331411653), (0.413600695895874, 0.6044624229566633), (0.5680375486492089, 0.4274616276467603), (0.6713721668947816, 0.5424107571790571), (0.8048610053062278, 0.6322461992057096), (1.000470736830843, 0.6083652179466775), (1.1443776077927357, 0.6433787378055836), (1.2062452427187635, 0.7673007026219894), (1.2792636075826271, 0.9097552239146908), (1.2670486051162073, 0.9534493724352839), (1.285983784477108, 0.9612715589700396), (1.3149979862565573, 0.8317242044316372), (1.4401774178403128, 0.7367408275559821), (1.619254398272426, 0.6401166795038413), (1.725156225807162, 0.8285749452985806), (1.844370209631382, 0.7040437269200743), (1.900967294293074, 0.6788003406365805), (1.9533662623574144, 0.663646251867431), (1.9634243823842483, 0.6418524188104066), (1.9052586459770398, 0.4943244158913366), (1.8421711003018528, 0.3233602747955169), (1.968309741714391, 0.15781857127044785), (1.8785386591512807, 0.051789919079833546), (1.8541384433797095, 0.011256748863768706), (1.765239549187855, 0.10980988727005914), (1.5657486935688179, 0.1722856430207047), (1.3650649105624053, 0.16146368333052574), (1.4382658971107074, 0.24046709818224288), (1.4852015352004426, 0.2664109191732825), (1.4917158789733773, 0.5061630288034045), (1.2858450128498564, 0.43951162908774943), (1.1123735682206815, 0.4261919985486621), (0.9367801674379377, 0.527488986412017), (0.8191378761535163, 0.33637129228231766), (0.9716097144902086, 0.24468160000464767), (0.8752523757864977, 0.06594951951718653), (0.705492594117797, 0.15700890370105058), (0.616831647435314, 0.09473223400074526), (0.3942618869389115, 0.01865084734064426), (0.28259904875325204, 0.023107218432007692), (0.35587724142056754, 0.05386523671630805), (0.4522664029687038, 0.2007200925875866), (0.27176485445595633, 0.3370378192897202), (0.09389194727204253, 0.31425628927516003), (0.12669147925446433, 0.5177915223940185), (0.0038875466460271957, 0.5627325634651005)]

[(0.21527642723853957, 0.6380708436878527), (0.3946869712252422, 0.6500936405621938), (0.4695209239863356, 0.8518742527096804), (0.48516028299345604, 0.9548768713455706), (0.5271287957834595, 0.8799225059223286), (0.760209038737882, 0.784832922343612), (0.8901407456118353, 0.6918367715647139), (1.1015728540439191, 0.7190177105964821), (1.057545708532373, 0.5118464040115145), (1.1695317751678125, 0.4648172244020877), (1.2303361137969326, 0.47817446594336543), (1.4357284669290669, 0.44990724196786447), (1.4517034372693451, 0.6422288672588095), (1.5503356280083929, 0.6673464487895785), (1.6220616833910546, 0.7907165182933917), (1.8352769530792337, 0.883612824588273), (1.9613810033462133, 0.8978736670222921), (1.880256765711719, 0.6491182874857961), (1.9979712116064383, 0.573030643415673), (1.9926358667973123, 0.4945817614486049), (1.983175908347301, 0.48850375380024047), (1.98150379223405, 0.2511747269600365), (1.9993605891758532, 0.16312433236634194), (1.8999074891177345, 0.19735422646195389), (1.7756174568183924, 0.1789477283216181), (1.6977511849676095, 0.07898312869056945), (1.6935420854862357, 0.054127774136007), (1.6458424966965417, 0.14746291479726625), (1.5505204136372415, 0.23291029415305753), (1.360838361235976, 0.19756192116922955), (1.2921041187718485, 0.0013498121235322458), (1.2116717376135329, 0.006552315737561321), (1.2424077003460532, 0.10963500849246366), (1.206499665385798, 0.3679101808548396), (1.0167475037954876, 0.29811590242043684), (0.9751305691063646, 0.14858776747607083), (0.7922772047379011, 0.05170233249028733), (0.7293376408915374, 0.008463353752135139), (0.7475828254370089, 0.09837372899739716), (0.748285042168211, 0.23835928039432142), (0.57055836618524, 0.3631917377631839), (0.4889576694669857, 0.3206921491228274), (0.4521870859922712, 0.23635973060603188), (0.42904579813964483, 0.30512083301294635), (0.4322002988564835, 0.5065075782690219), (0.21527642723853957, 0.6380708436878527)]

Polygons generated using shifted normal distributions:

[(-1.0028408639824304, -0.5835710887389193), (-0.6129170669666935, -0.3863667556613892), (-0.688502333134812, -0.261768632183269), (-0.3730602010429105, -0.03710999853210776), (-0.133036814888553, 0.196419865880124), (-0.31389539643167386, 0.48954786756887414), (-0.5707206168428548, 0.5574353316543441), (-0.7182280507123359, 0.2584674111588574), (-0.9108844964498128, 0.2919538582775664), (-0.746883318249758, 0.5005631029488935), (-0.8776202533552727, 0.8157148725316938), (-0.7990857033570375, 1.0636978054438095), (-0.4744209985595384, 0.7974073792788519), (-0.08806972220793191, 0.7420551249590019), (0.27243882731687374, 0.8353103665477423), (0.35701668176436097, 0.9796066962327963), (0.6423083224198128, 0.9194829135968802), (0.6977384050305581, 0.5300358799298182), (0.8518440102496623, 0.29572202732841885), (0.9677029324632229, 0.07986929124282116), (0.8559305134672528, -0.2421334646529177), (0.4781578575950557, -0.38880015686918584), (0.32703745341399937, -0.3173606678546663), (0.29060261702311696, -0.0957395942603389), (0.09207702554929142, 0.13428948188886747), (-0.15936564762501584, -0.023969155212793886), (-0.17206669064765223, -0.19052108035426005), (-0.17779691890642738, -0.4031315207660795), (-0.010732788798278674, -0.6034882138381809), (0.020897158656607302, -0.7000843502039341), (-0.2975645088340249, -0.9734574381247565), (-0.48746376603870023, -1.0979737070473417), (-0.42938897609000576, -0.7402540961641907), (-0.7388702305266589, -0.7097151272162843), (-0.8494767129758505, -0.8860040989090463), (-1.0028408639824304, -0.5835710887389193)]

The next three are real beasts:

[(0.00045368728200245734, 0.608259091772706), (0.003301802035728385, 0.6183335280951563), (0.014694569409531733, 0.652344430042233), (0.0007227526744780777, 0.6726704707949016), (0.026346195386562687, 0.7152264539291472), (0.010058988661030499, 0.7388690401263098), (0.008097886966765833, 0.7843342849757249), (0.0021165194163932366, 0.8417795460992382), (0.0057278722196640874, 0.8860019701047779), (0.004111756326590554, 0.921970475643355), (0.028989959910522556, 0.9402915619788978), (0.051245673217999554, 0.9845956802263963), (0.0631495392882474, 0.995191661462971), (0.10107736179052162, 0.972973776008736), (0.12779001415243774, 0.9182640434765786), (0.15894648141268664, 0.9337639031919069), (0.13908142121809475, 0.9947074745342531), (0.17446173407192178, 0.954464216686631), (0.20742206016750053, 0.9944800116392772), (0.18963388167971973, 0.9566820687213347), (0.22617392553731497, 0.9083725337604187), (0.25491931412455104, 0.9293742204660678), (0.2696420885873152, 0.9786510885294639), (0.3133779682728278, 0.9751482473975835), (0.32650554822563516, 0.9868461404774611), (0.38681716515377784, 0.9800768921638795), (0.4045585026281816, 0.9838407318358824), (0.4515305146624624, 0.9769478932813584), (0.5066919164355813, 0.986160043698783), (0.523813136571488, 0.9748201882766584), (0.54944751892154, 0.9756236068664128), (0.5847381343195247, 0.9830744921537496), (0.6126402968549111, 0.9985175661123534), (0.6417479313176543, 0.9864245213037162), (0.6861471453147949, 0.9957097477368583), (0.7185246641950108, 0.975543082091211), (0.7388247450105161, 0.9769927363646961), (0.7842595755929272, 0.9990918677652859), (0.8257837109041646, 0.9889883390411423), (0.8788939456323941, 0.9777415108232311), (0.9225397025375977, 0.9634751949733662), (0.9450661424813065, 0.9968306732257554), (0.9563812888319433, 0.9934150567093912), (0.9507522341616067, 0.9297046714404692), (0.9575088435914375, 0.874946722244833), (0.9953165934851858, 0.8526976448557013), (0.9388883358566824, 0.8482982361244336), (0.9351301188815166, 0.8097044202823437), (0.9710342820783335, 0.7896799093514625), (0.9863190890806446, 0.7811620963156362), (0.9795763761193352, 0.7260129207514682), (0.9985666358210222, 0.6992532429674242), (0.9682376536417303, 0.6462118908620416), (0.9675784084885006, 0.632319416870615), (0.9342371706085307, 0.6426460028928015), (0.9081280006343366, 0.6065199772426314), (0.9740937408212501, 0.5986606168696366), (0.9826815900623505, 0.5820464652616608), (0.9855902624767513, 0.5218911568542853), (0.9976134343698926, 0.47488833835064237), (0.9985612729160087, 0.4564765887785204), (0.9996804956505569, 0.39812505650825336), (0.9798628280139442, 0.3825026014978079), (0.9892310046616144, 0.3266453557879998), (0.9898438833882668, 0.2853544657919741), (0.9920414685851681, 0.24134870739387504), (0.9976921312234395, 0.1922397660022621), (0.9955290480712434, 0.15922749995564855), (0.9635062054050239, 0.11941404493362873), (0.9450132034794116, 0.15458589176345505), (0.9137691837176499, 0.15435942714531237), (0.8787192805823649, 0.14820615593485187), (0.8560467456370865, 0.10414864841198279), (0.8756094789244484, 0.06379801108237038), (0.9147567901502457, 0.053252789593557615), (0.9692149583009031, 0.07304204824177618), (0.961459393549356, 0.04529598864297024), (0.9279684722049956, 0.0036659527452108653), (0.8826580867742793, 0.023233603710376416), (0.8203914339038944, 0.01985752685561426), (0.7773551088060687, 0.003376477819672208), (0.7552048501724048, 0.017950496147347672), (0.7035000203171938, 0.03980469823105992), (0.6976279778019547, 0.03587236773925617), (0.6801989758826616, 0.0263885322120192), (0.6575614369155686, 0.010571991120099433), (0.6042293950499631, 0.004527923884582452), (0.5764408776607185, 0.0182704587115049), (0.5322926113763741, 0.017834306681404843), (0.5200901731123695, 0.04540910294430123), (0.5143600651517559, 0.052673335150662415), (0.5463196267682607, 0.051133059426947125), (0.5741628354236983, 0.045876503349841946), (0.6150211936776686, 0.06334355585843876), (0.6177486728241447, 0.0879001166086062), (0.6304438389623056, 0.10197918663328165), (0.6680892281911944, 0.1412426339099936), (0.617730975221436, 0.16785867826654366), (0.5597873865135888, 0.19414093820757117), (0.6110795462829317, 0.20727263048423994), (0.6229999866751397, 0.21793233842724014), (0.6314413019995658, 0.2712103992924194), (0.6226686039723606, 0.2840697438363241), (0.6030995302994818, 0.32527572560432116), (0.5522451376153993, 0.35506106692795303), (0.5393548997728383, 0.30420637494765146), (0.5629192979310673, 0.25984411850722033), (0.5386624918748293, 0.2617950987659313), (0.5126623093820433, 0.22446814715529173), (0.4761878666765672, 0.19457146714064588), (0.48089131290971165, 0.15811485631643374), (0.49610059901913117, 0.11753735447334135), (0.45023083079359916, 0.07903968611958834), (0.4494368889237407, 0.03719874765478304), (0.4370409204053799, 0.03490715889349694), (0.4047708549337048, 0.011305648517758171), (0.41078154429954417, 0.05924173547859135), (0.376423877105452, 0.07715994710716234), (0.3588668034470851, 0.07779979555283545), (0.3131974043407997, 0.05759373566336756), (0.3468440062727295, 0.006893784395822555), (0.305696488007118, 0.01653179349471745), (0.2878423847626258, 0.013335236204387368), (0.26183911393156656, 0.022138079451652803), (0.2177371335363113, 0.011212481390827866), (0.2130655145734186, 0.008106963087148866), (0.16982248618426532, 0.010062197414669849), (0.1448482989633958, 0.007791811882410515), (0.1306397266315097, 0.005365076011909831), (0.12357632974517108, 0.038356974097046526), (0.09421808660707698, 0.051734849302410124), (0.03377412918046008, 0.07031742814109732), (0.02831524792120166, 0.041873627302974836), (0.027533423048918704, 0.014968381701804034), (0.023180475124807476, 0.020274758971874918), (0.0071092853345946505, 0.06683633953410639), (0.011991004480245704, 0.09805397839429009), (0.019779392854656686, 0.13430191021226434), (0.026400332509059377, 0.1694950893706877), (0.019597697969106487, 0.1896174424440742), (0.07084172801751454, 0.20483438906181606), (0.11068924795226776, 0.2557792799631863), (0.10088773191095668, 0.26634021588630885), (0.03791461126334372, 0.2738448698863757), (0.03229657694970767, 0.2584574780998491), (0.029935736055153983, 0.29050151322675344), (0.01075595669945728, 0.3136377833870363), (0.010004869155594509, 0.3713298093645908), (0.009028309899517528, 0.3750932799993013), (0.04557124771208554, 0.3509415410992798), (0.07034109473975991, 0.36308671126812286), (0.12479812963681558, 0.38449244054698395), (0.12494566014706565, 0.4114549022690587), (0.08601664839301992, 0.43446413905658354), (0.06604329210453197, 0.4494655191867941), (0.011327385904566944, 0.47399833202330066), (0.009978101702956654, 0.48463714104668154), (0.010833360681710924, 0.5274986799516667), (0.019406316437886706, 0.5338871970008335), (0.0464555990215233, 0.5285118804022516), (0.08806533980641074, 0.5419481123159752), (0.07989180668118134, 0.5926867895526922), (0.02371862963449589, 0.615594154511231), (0.00045368728200245734, 0.608259091772706)]

[(0.11134874301435937, 0.0924841785822661), (0.13824223651398282, 0.12657038942378895), (0.1256995637462277, 0.1722803507300089), (0.14434663244790014, 0.16376321070670774), (0.15902269955190962, 0.1582911178432218), (0.1772561162076084, 0.16128724472635514), (0.2004254570603392, 0.15491189790139714), (0.21856004649886296, 0.18757690594021004), (0.22639687706947909, 0.2018180484482316), (0.22197450999714285, 0.23844314069856898), (0.23365760359848953, 0.2587977735374626), (0.2355765260332826, 0.27097735413578106), (0.27044968997699925, 0.27976808028700273), (0.2615939732886685, 0.23986445926636624), (0.2795082005298578, 0.1985142911310389), (0.30520488825323977, 0.19780424686344478), (0.31365477853273804, 0.16632579110976609), (0.35045297068421455, 0.16837815206784357), (0.379837867456538, 0.15831724986392126), (0.38853197547457474, 0.16159863041071187), (0.4270086043364215, 0.1790528474861408), (0.4478593493517349, 0.21793507676724622), (0.46732294596179624, 0.23452767003790975), (0.47519965729901237, 0.25419904018631656), (0.5015598219371388, 0.269446662519772), (0.5200048523275277, 0.2679892266596663), (0.5141555725378605, 0.24756601880596052), (0.5103501114393048, 0.2145150453734096), (0.5313686322972327, 0.19665491286609427), (0.5526946827062458, 0.20164425465625357), (0.5686393410360924, 0.2353504519406565), (0.5962744991515018, 0.21796948665358273), (0.6068521724563459, 0.21572438758622559), (0.6459077265443535, 0.24206617518525642), (0.6409171314780471, 0.27396938270149074), (0.6375146760024376, 0.3116256081614197), (0.6462928368300069, 0.3390956682690158), (0.6536599746735163, 0.38210072583600374), (0.6261521073507778, 0.39001154689152195), (0.6171074124984386, 0.38575742199217444), (0.6092889645189027, 0.43251899576437136), (0.614615286465868, 0.43252601490590403), (0.6327209138957866, 0.4237134942200067), (0.6588742508945415, 0.43569029242211144), (0.6667003963808835, 0.4805628747632873), (0.6905745335065182, 0.4828916491167853), (0.7017184771035526, 0.5195211053218466), (0.675736276519257, 0.5477320070903701), (0.6979867351914218, 0.5641688234404628), (0.6606847143511788, 0.5954093380500053), (0.6364468860736737, 0.5959729055270658), (0.5974696797798822, 0.5757441335222051), (0.616199511300554, 0.6189137934565858), (0.611065518562999, 0.622661201271075), (0.6330495860848822, 0.6454979831373678), (0.6474187961556546, 0.673047158529693), (0.6251151922297805, 0.7049323847556858), (0.617529043491061, 0.7349946794068558), (0.5960864075153193, 0.7606493095135537), (0.6279131583174226, 0.7765502202641146), (0.6297632974850381, 0.8181340394874022), (0.6237597233536348, 0.8419751776227019), (0.6415717174742729, 0.8176500769413344), (0.6403661427249911, 0.7917069917459458), (0.6591592502005836, 0.7717698593475395), (0.6977277961395958, 0.7624898685012967), (0.6627452004923187, 0.755507699493078), (0.6638078430551346, 0.7188124143899001), (0.6837020228257189, 0.6978923858665924), (0.7142592501757519, 0.6823317642733382), (0.7337514149585896, 0.7222726359338886), (0.7632535782564965, 0.7507173031393745), (0.8011690058113805, 0.7386657444464377), (0.8265195836259316, 0.7529246647457593), (0.8121042425794364, 0.7877606738114279), (0.8043204096275731, 0.7913623339306439), (0.7652542781502989, 0.7771583876040401), (0.7836612193872246, 0.8007874594876839), (0.7593045044357563, 0.8307025604673863), (0.7732896482272088, 0.8286197396182026), (0.8168494118585453, 0.8333638540621698), (0.8359195703719736, 0.8398212089772323), (0.8459051869831153, 0.8298883630080427), (0.8524953487596985, 0.7998035546053851), (0.8682370335960242, 0.7884226436480288), (0.9115043067551194, 0.7970113806995116), (0.8921957634785931, 0.7763884805278995), (0.8562105202052054, 0.7598508641144945), (0.8576312558592335, 0.7422871721433509), (0.8597787368954884, 0.7215653032718884), (0.8964549425318488, 0.7073618462320186), (0.8975901186739819, 0.6712999584714187), (0.8651709627528368, 0.6550897169666605), (0.8970694545494572, 0.6216361175133537), (0.9315408402070262, 0.6239983712070208), (0.9639485394841203, 0.6007232560264008), (0.9975120715130215, 0.6248306652523773), (0.995620767347667, 0.58453604629184), (0.998226137830105, 0.5593954897507402), (0.9843781124976435, 0.5688044045494545), (0.9386113377441543, 0.5537505254810828), (0.9023821720166099, 0.5308973217708182), (0.9205240039237589, 0.5042871238849501), (0.943723933693596, 0.49160196891599595), (0.9484932347012033, 0.45525871893498504), (0.9670057628625086, 0.41811762099354444), (0.9640790654928558, 0.4064592097445049), (0.9370530190609475, 0.38002787341402444), (0.9524277227947895, 0.4251265057467667), (0.9329805580057532, 0.45125214667519786), (0.8849317122830763, 0.4571567562951908), (0.8739950873047238, 0.4621286365467213), (0.8419715200764735, 0.45798470799437463), (0.8433679399169409, 0.41778174203450535), (0.8528643711604906, 0.40658777824795955), (0.8708333928705013, 0.39469154547677865), (0.9038631718143948, 0.4141821665733475), (0.887735807436312, 0.37540696345714397), (0.8575888350002834, 0.38799552876534615), (0.8308609332324937, 0.39810440151550297), (0.8190726780745143, 0.41770876875642093), (0.7754828362752109, 0.4248222769772738), (0.7397272591825004, 0.39540210516029106), (0.7348845637166262, 0.3766883719003906), (0.7371787230906788, 0.3667107998825341), (0.7413359238631597, 0.3321915389225629), (0.7166768886910985, 0.3638231925883104), (0.6863159934266501, 0.3414976698718877), (0.662681580820895, 0.30937653400661913), (0.6616232359803217, 0.2670624236725896), (0.6761902803232855, 0.2431826945490082), (0.6876279645609461, 0.2268011558226568), (0.7003239900992223, 0.21343610573333494), (0.734517097045114, 0.2463614486385416), (0.7301571394896479, 0.21180871960791448), (0.720718866348407, 0.18246406210071642), (0.706163092329815, 0.14375911852558132), (0.687109433351597, 0.112144881670317), (0.7022254802178225, 0.08990264304870743), (0.7166362254640707, 0.06794203355482553), (0.7526234695556457, 0.07560515835802972), (0.7675723981168837, 0.06267017415813059), (0.7986412902825758, 0.04098547393744978), (0.8145933199780766, 0.047692249589477376), (0.7965598717856496, 0.02127900557594975), (0.7704564387500002, 0.0337957709926765), (0.7372393189177736, 0.03351615332440849), (0.7225461664635529, 0.033320250820390696), (0.7036755005952349, 0.025343445332889236), (0.661851294115368, 0.002348203657310699), (0.645964518674076, 0.008888832690451265), (0.627495448560501, 0.04221783709761251), (0.587285442839695, 0.028692584849185354), (0.5616670661735336, 0.04641733505655865), (0.530324846948685, 0.06311002558845014), (0.5319095933464578, 0.08689907736125979), (0.5502678514520841, 0.11768236803056742), (0.5238436103226491, 0.14604744433659322), (0.5084744994262329, 0.17898953769041392), (0.47283767653086994, 0.17186361613113532), (0.4595804459025826, 0.13515763524547364), (0.4626054169785361, 0.12780012963102072), (0.4475929611816861, 0.10018248653502282), (0.480688954169077, 0.07507394228714126), (0.4857802559492943, 0.04742271550273114), (0.5151150969208697, 0.016882426659839633), (0.5075523237291192, 0.0059776303895582306), (0.49401760241673287, 0.008950345942838611), (0.47795040666005406, 0.03013026126602425), (0.44222274489311375, 0.058984223210724496), (0.4286163755702236, 0.04067225672660424), (0.38859745954627045, 0.04845552828834343), (0.4216136531827215, 0.052066385532183124), (0.43173307279674955, 0.0664371209605108), (0.44172471908723376, 0.08335738429213302), (0.41797188121664897, 0.11528580494433971), (0.3910221310562485, 0.13432048165215094), (0.36391002264792716, 0.11230763298096935), (0.34468331051757495, 0.07988126586240873), (0.31044269796098645, 0.09836975901606637), (0.2952533059760214, 0.12242892125921212), (0.2858796901312831, 0.15100045058040723), (0.2752115970337674, 0.1971313180005877), (0.26133393817733597, 0.1973799208315148), (0.2545504186912392, 0.1496644615245194), (0.22631922240477298, 0.11222923185500921), (0.24164534584811137, 0.09129497980726387), (0.24758005793122728, 0.07363652508458818), (0.21884300693315684, 0.06970935729289285), (0.18692358376203655, 0.07311075541326917), (0.1722932481343168, 0.07461796126268516), (0.14789912688130602, 0.03448230847488354), (0.15085632610855182, 0.07107914468297871), (0.14478628252591652, 0.08096898751549797), (0.11134874301435937, 0.0924841785822661)]

[(0.002085333660961086, 0.3601820056524322), (0.02583931511235782, 0.3719167313027951), (0.05532880058762313, 0.3914463862255998), (0.06318914832913658, 0.41258244247988074), (0.07511626348598566, 0.42035727759605734), (0.07893267922174185, 0.42587746694182604), (0.10240755200295826, 0.43708184699529784), (0.08771131207435023, 0.4811108443678186), (0.0986010519540571, 0.4895976144884082), (0.1210301068417815, 0.5078556019951056), (0.15426568656863116, 0.5119305914864495), (0.17706423499373736, 0.5195695945523111), (0.18240072472946722, 0.5575854957349496), (0.18118647702414492, 0.5714716452642117), (0.16350411181582747, 0.6008951040040357), (0.12418695518345757, 0.5734089532843393), (0.10309977593354969, 0.5851464763759424), (0.11536777355663064, 0.6070093815305607), (0.11203239727803938, 0.6290135351414025), (0.10459897595374634, 0.653496038978839), (0.07421657969188222, 0.6593535401928451), (0.06094358101358721, 0.6503913023697575), (0.028130046753555904, 0.6509352716274232), (0.03392377875512875, 0.6741414969523568), (0.038329827255038196, 0.7262020850976115), (0.002986979418857172, 0.744815263968663), (0.021305015594970556, 0.7494334114058073), (0.009570709908977681, 0.8005304786284869), (0.018119381251435085, 0.8105313948404747), (0.03629444798465897, 0.8185851149622766), (0.03739002451650364, 0.865211982239318), (0.013609057492648735, 0.8801868864661492), (0.0057598037490822485, 0.885473123932057), (0.014079719109371891, 0.8969753862733664), (0.029669650811730564, 0.9192222169012393), (0.02363109916758166, 0.9601527039532567), (0.061123937056275945, 0.9901147655224932), (0.07795691473899058, 0.9992756838778439), (0.09254744697663031, 0.9964129831693619), (0.10174696741180045, 0.9874337823312527), (0.1213374084187897, 0.9760253245084233), (0.14335239169766123, 0.9739492141057888), (0.16303117416399193, 0.9714126087189798), (0.17353050330884923, 0.9603987359695666), (0.16921811888790883, 0.923813583040613), (0.19795942717781156, 0.9112787444863654), (0.19954798866442258, 0.8720171868815221), (0.23126747639992906, 0.8638127802169353), (0.25334706624240366, 0.888754517462023), (0.27007686199928993, 0.8962126090057344), (0.28577697182230055, 0.920546886196947), (0.3178337035141098, 0.9282900989956049), (0.3022293562957076, 0.8938172925311887), (0.33382794821184614, 0.862475347730844), (0.35590657127475334, 0.8861423487206848), (0.3761360739862377, 0.8599426214119837), (0.40756384005206026, 0.8269344584737934), (0.4401260550382129, 0.8374885564218136), (0.44383154473786157, 0.8192540760773601), (0.4743484793740024, 0.7808977441235412), (0.48887076430009047, 0.7754889017019146), (0.4659424936715615, 0.7641493456716901), (0.4581466051426325, 0.7375257295759217), (0.48181176897063116, 0.6980976490067816), (0.5165409550433936, 0.7159373379181669), (0.5172452139508471, 0.7645574322340232), (0.5406257957873946, 0.7436750203750784), (0.5737021788903558, 0.750000310127526), (0.5605782183315676, 0.7399895154787758), (0.5671617382952957, 0.6934268873355982), (0.5994027453693823, 0.655121140836039), (0.6156491540271716, 0.6710959702395568), (0.6505954066748034, 0.6547675696889905), (0.6487404697108651, 0.7067174567966564), (0.6327915648166551, 0.705648083864245), (0.6323811215713702, 0.736342333950215), (0.6651893344161506, 0.7589902569514997), (0.6501204178032571, 0.790871653235412), (0.6192684399350687, 0.8259075046604887), (0.5774530474110287, 0.8147894739936276), (0.5729139575957628, 0.810423812953911), (0.5378728078986637, 0.8262242063483762), (0.5234719414864526, 0.8378515267081783), (0.5028446037714298, 0.8694361497219769), (0.475451348444496, 0.8713611158547221), (0.46728146256888203, 0.894876530703278), (0.43400933544624465, 0.9006015180388431), (0.4170845245172127, 0.9070644922505189), (0.4285911135068815, 0.9078838278815478), (0.44523903978270496, 0.9160295004088462), (0.46208350878066073, 0.9454756707418113), (0.47621346465905723, 0.9103538203774308), (0.5240379523361766, 0.8999566518807895), (0.52528856441511, 0.9309780068859824), (0.5314978469947637, 0.9683722701893741), (0.5264192191645084, 0.9843912118834438), (0.5375872611625446, 0.9936997988247555), (0.5555678299635829, 0.9683946630631561), (0.5757873572247681, 0.9561704032515822), (0.5923974632508688, 0.9473870828086843), (0.616742888667642, 0.9371306902957396), (0.6356254840155179, 0.9469774787864222), (0.6376157846220777, 0.9939537626175816), (0.6592591787804919, 0.959427094170782), (0.6909657733502377, 0.9437707641166649), (0.7131160452246432, 0.9691912839468062), (0.7057027675824709, 0.990430439309328), (0.7489872233356344, 0.9979256653584417), (0.7629069690677776, 0.9555452517582581), (0.7795938403638127, 0.9564274048492785), (0.8140713358312982, 0.9291591297853607), (0.85402344665868, 0.9504259938360305), (0.8569373138200567, 0.9004408386807249), (0.8472830568324312, 0.8561310375854673), (0.861108645486498, 0.844031032094796), (0.8545928125153749, 0.8084272963801237), (0.8740881463654679, 0.7684621866036845), (0.8791850182511359, 0.7611941475430949), (0.8692323883366515, 0.7199127610339893), (0.8311621030374444, 0.7445165200579091), (0.8279284900701316, 0.7581759507787806), (0.8283802773632732, 0.807349279921319), (0.8002906470899254, 0.8063556367759858), (0.8020260844225586, 0.8388155980553561), (0.8144108420026193, 0.8684684044408051), (0.7773700995945829, 0.897107758650953), (0.7469794671866522, 0.864593758284899), (0.7497600143450454, 0.852167480659481), (0.7260648174872009, 0.8419020979685079), (0.7383457992469559, 0.8592702545201754), (0.7154108199575406, 0.8923646390341113), (0.6820302695747859, 0.8873345265293607), (0.6723561975319374, 0.8523526226072368), (0.7034845323274778, 0.8270141549189028), (0.7007439254292048, 0.8037620067117317), (0.7195221563662713, 0.7850709673925688), (0.7517188415198929, 0.7734193721861785), (0.7602470386940434, 0.769685016635405), (0.7473729867154636, 0.7213240393232702), (0.7496220198819761, 0.7192601268969868), (0.7969882058509746, 0.7151963261684202), (0.8421420079894468, 0.6903681639786599), (0.8448326619737101, 0.6687955128251556), (0.8930428377241006, 0.674444728312843), (0.9270898885906702, 0.6634248640768609), (0.9196795399656534, 0.6540247383703863), (0.9158655108219977, 0.63839095996738), (0.8905711062884432, 0.6239593867915616), (0.8665086508542713, 0.6239980592510215), (0.8553433561691511, 0.6303164427976603), (0.8406551878904174, 0.6691122066490909), (0.7992249952588366, 0.6473875590229439), (0.8212939501102098, 0.6142981489127167), (0.8125975009219335, 0.596486358040866), (0.8052783361836673, 0.5460916193255997), (0.7993849679555849, 0.5071820510828916), (0.7774363393143952, 0.479465974948846), (0.8057056078949445, 0.44139940518828025), (0.8387800687480709, 0.4756250968042107), (0.8668353600195771, 0.44809139257766994), (0.9099114967921703, 0.45425833277070427), (0.9340179597568868, 0.45964101273508173), (0.9454409927976009, 0.4736480652063684), (0.9671073041739281, 0.48277469051088095), (0.9686576240991973, 0.44321424125339515), (0.9681239267219557, 0.4247473682875539), (0.9933562054053552, 0.3983426061656382), (0.9952418435330204, 0.3551095252084121), (0.9813942134661123, 0.37915175845138815), (0.9436322955120419, 0.37086491807063515), (0.9251064809425282, 0.3541309479431699), (0.9322979519150029, 0.31208784471942563), (0.9740442912919418, 0.29038664927096824), (0.9982890262305131, 0.3230807394771964), (0.9884790745987622, 0.29022082094326895), (0.9972484610098286, 0.2697909040852593), (0.974861117180842, 0.2590040607940468), (0.9701108377142026, 0.2142940214550869), (0.9774535858089323, 0.176046064482959), (0.9481828149865776, 0.15854000321058115), (0.9516266551058673, 0.2052826572961881), (0.946685034119437, 0.2579638892788244), (0.9252257776441576, 0.2551135196907953), (0.9151321872845741, 0.24444602265809634), (0.9170542380209751, 0.2050172015262144), (0.892954800786546, 0.18758165491195378), (0.8904537631406423, 0.16219173027124323), (0.863762777632238, 0.15592619299879096), (0.84016001933396, 0.16568188385484262), (0.8229307825723637, 0.16568065178741487), (0.7964471419208481, 0.15089945956934447), (0.8065915382453042, 0.18588742369645983), (0.7746568526068058, 0.2172040398756162), (0.7462682332863639, 0.21581892446215334), (0.7634643736027205, 0.23242277254181776), (0.8082994011649691, 0.2331549452555174), (0.8155131366529225, 0.253824518650666), (0.7868358993461598, 0.2838374596817408), (0.7727866099513576, 0.3120018317479415), (0.7742773172337517, 0.33741922890296916), (0.8190479349919773, 0.3509069400130377), (0.819532454005553, 0.38628228793185126), (0.8011439682820584, 0.4029233409331603), (0.7849239163572012, 0.42972858601489794), (0.7735140471666724, 0.43819672393478426), (0.7367842087830974, 0.4245695279097632), (0.7401868226692158, 0.387049470995229), (0.7412051662107919, 0.3859902034964878), (0.7169183966456242, 0.38755558876360063), (0.6827349850238443, 0.38354075898402196), (0.6924389211532677, 0.3363778149766258), (0.7104130774675688, 0.31347038497743585), (0.7047100813071535, 0.2906098540899541), (0.7048315900692228, 0.2712416406968655), (0.6856555300287708, 0.22914000322647277), (0.7129644065910766, 0.21461693449326902), (0.7034472476214954, 0.17134729481136068), (0.7448193673907338, 0.16296336025260805), (0.7941190142910485, 0.14760929401421263), (0.7565022293133543, 0.12573090039903323), (0.7287028900162087, 0.13102738271882408), (0.7143227236363555, 0.1460186923905995), (0.6760297095640885, 0.12671700723035628), (0.649122947741966, 0.10614070329560821), (0.6524300669326861, 0.06270347755295003), (0.6661540559989055, 0.04998593183876532), (0.6958789150824635, 0.046714429374256516), (0.6689121010324344, 0.028785516672644174), (0.6654195002395119, 0.010144501931503735), (0.6519707182512202, 0.0003131030641246868), (0.6326029925270449, 0.0201804422639158), (0.6179474386129841, 0.024257637821674782), (0.5875689472920932, 0.008831527072457268), (0.5425722163648596, 0.017668951552883394), (0.5289973126809915, 0.010997557431794536), (0.4906141743358655, 0.000565796935377505), (0.4823166391849788, 0.030955762968239098), (0.45161893701953804, 0.055776144862528576), (0.45857816966605747, 0.09391894213661622), (0.47765873975222106, 0.11890083045824507), (0.481302958259352, 0.13583115291740555), (0.4856821051945296, 0.1696707003252912), (0.4416686060285038, 0.18189280112020045), (0.4211580921171463, 0.15642455076122275), (0.4121598607179019, 0.13125966900343244), (0.3989468513382435, 0.11784231109321541), (0.34737055799372685, 0.11152013417943807), (0.3423937430289862, 0.12208423747516639), (0.3202247701166563, 0.14611319737409578), (0.3036350112023659, 0.1461325761497574), (0.25809382629340893, 0.14998512857734514), (0.24359644323139662, 0.17841468972680896), (0.2347693355295436, 0.19043893261384703), (0.24641224321703592, 0.2079991387905903), (0.22467808372679887, 0.241463936739444), (0.22083969975407303, 0.25950142746763427), (0.20633228233403933, 0.281837130450321), (0.15748345905965588, 0.2653144754404039), (0.11786771675431018, 0.24237433254400376), (0.10639505867479504, 0.2673258706206608), (0.13075404751458586, 0.29438358544158094), (0.12518433855659183, 0.3178136963628533), (0.07804649592861512, 0.3268873646881847), (0.06673718589175348, 0.31819375424076013), (0.061095681580069394, 0.2950906905083297), (0.056732723185531575, 0.2941310129132092), (0.0337797433154281, 0.323162553183591), (0.002085333660961086, 0.3601820056524322)]
