0.001415865496460 0.550949927210319
0.038418495114156 0.548177323093720
0.226374435809615 0.606714860818682
0.080700987987547 0.551852706611088
0.341491176440144 0.640824660957244
0.358686771876499 0.613338002289337
0.369277060203849 0.643132031263379
0.374964375223482 0.642459743024064
0.399945672787701 0.640688286926918
0.447307801082408 0.626211321272986
0.379899924797891 0.549378767399759
0.308632531347048 0.472801615238563
0.313943283312928 0.530027950895032
0.288109054457447 0.489007936552636
0.145467182689098 0.160191689226866
0.156448880283371 0.191633530516007
0.147357915596737 0.190657889559240
0.173689337993827 0.240681626946051
0.260861241845815 0.450553413224664
0.219051209846070 0.519399974271376
0.165802457912733 0.566496303568825
0.159346873014861 0.448979641985604
0.040492999851933 0.423796469543034
0.199293027724742 0.389291721111765
0.111491457611086 0.360897840634406
0.048319908812791 0.355297442225412
0.097330967475349 0.343372902992821
0.109364284719044 0.280380174648194
0.074676677619422 0.205481953083296
0.054698149699112 0.186986296990414
0.009851099462179 0.018935024747129
0.148325223544764 0.302824155102868
0.151118157036192 0.307935496004268
0.133142508628379 0.251453421195714
0.119325562901481 0.179489087862656
0.078835898581350 0.134816891576544
0.058135569122683 0.024111024580948
0.164137824049284 0.006896971728139
0.093896245627616 0.037296009267353
0.094726255673322 0.060149123454536
0.195053428967974 0.054014724238783
0.593057496283696 0.012336311401956
0.350138986646262 0.048905662283723
0.202339168732212 0.072753270656221
0.392749179337523 0.049419325333750
0.503563586856967 0.041315020081268
0.337311655905708 0.113617407210924
0.747087533467956 0.002547550481999
0.936882048350238 0.016126144219249
0.973237665357645 0.033551060610242
0.912851896096418 0.075226075050992
0.934857521641468 0.080997610968071
0.985346185967953 0.083255324551489
0.830744549553257 0.128512081749976
0.855731653913731 0.128696635891076
0.971608873443496 0.164934982156816
0.934818251493768 0.219424796858535
0.966032732262291 0.264991372947111
0.987538082984992 0.318532233740451
0.856543264750644 0.198622922039881
0.755296542195276 0.089377266396478
0.754024794210691 0.091105472804562
0.932953631939811 0.289563147951645
0.816237099848798 0.197360377384983
0.871259143050415 0.342603003765737
0.740598617932107 0.144156709380521
0.683255246227260 0.225649596297019
0.689021298517017 0.256294314868885
0.804553718680774 0.386197206744085
0.799771567713363 0.390443582735231
0.731025534556725 0.443873362356738
0.728562715336943 0.446021126325252
0.704897160504431 0.425760029082075
0.684900183549570 0.537363865663001
0.657190139711457 0.414779460716424
0.642982864586163 0.491815748853523
0.615691469803309 0.570028455262086
0.627081411717032 0.330878169429897
0.622849799051345 0.369021732066302
0.601019132696567 0.553105551541366
0.596257368380324 0.385259604260912
0.599764562956879 0.346845125941022
0.509938084292197 0.483155203742513
0.458064925138869 0.485537922701583
0.635359442157373 0.274660130159305
0.709968133694477 0.080071079582009
0.653451687960630 0.103900041945232
0.545475350015552 0.103049476678972
0.617491310284236 0.150173300015821
0.577240675956589 0.218923080348840
0.621505386485488 0.170813756608783
0.574291524279067 0.227384051413920
0.504797569711133 0.223973717644798
0.519118979814983 0.315904984863431
0.536567634221431 0.321725496240764
0.494846544924586 0.388435499923507
0.494502473387170 0.336399191681482
0.480289404969797 0.400068753119590
0.453473607289360 0.437178354913918
0.444146987257594 0.449928033375148
0.472461396582639 0.397631940617055
0.435291671862496 0.422984243567560
0.374961620371305 0.431589068114566
0.396398885825835 0.335013595565694
0.403678853252753 0.310673860977718
0.419542898619335 0.368651844267106
0.433882702809704 0.399669300950910
0.477690164687899 0.301123385457845
0.446138726289449 0.324815962149210
0.477651569749066 0.236504507361215
0.417755406544430 0.206159462782629
0.439979952499261 0.122206335478558
0.281974828002031 0.157636092117818
0.383331218912886 0.172948405692795
0.261236239346320 0.256925490338786
0.385236240637133 0.173945779527512
0.312355116155164 0.306470365871894
0.362367016897708 0.270398328206687
0.335017244953205 0.428010341910650
0.413120801287294 0.525078797026108
0.433844568409885 0.540548884561541
0.609269343600268 0.622658785256864
0.515014195588890 0.592158779311999
0.609140616193945 0.636362937575375
0.670468919757041 0.642312873919640
0.697894127898800 0.708912739394658
0.729351617735509 0.648007048595700
0.788276947470511 0.510645398642237
0.808174110859714 0.504484837644028
0.703501831136412 0.722709034906099
0.854607728707887 0.490640202765651
0.916290960235657 0.407381834186326
0.963800362294447 0.412097897572488
0.953224133678351 0.500541523797690
0.976895656425923 0.600297809858014
0.864325280703756 0.544999061406124
0.973322028281783 0.610247530792955
0.878682494572682 0.740245480435083
0.881294358466423 0.799268016032534
0.781992482851256 0.782221195652253
0.712962465692760 0.759076122548001
0.586704693076529 0.703005356110169
0.650896775373675 0.742665608293687
0.648023114841442 0.745185440287546
0.727802784055380 0.797126133366081
0.602627915145190 0.730804051147217
0.717282125594691 0.794056897421394
0.660149129880662 0.772549725031736
0.937488201510854 0.899239509785194
0.847204575243967 0.867212681969261
0.885299148915941 0.889492423687825
0.884708964677858 0.891310247542015
0.905159638684783 0.920624465178989
0.989406586154088 0.996844238600155
0.948837344045209 0.994861443524650
0.693747785265440 0.969475591541024
0.657066731554022 0.860083889616692
0.618518414729516 0.797220982516753
0.587002015014646 0.881113240905624
0.371787806680327 0.733988835352468
0.511808946035713 0.858897954625496
0.616341376032839 0.951534529194019
0.577138527565235 0.950755963544713
0.534617630548131 0.944551377531398
0.507168444109693 0.895673492409137
0.463947604626393 0.875580874679415
0.407151617765032 0.815026554658556
0.358223947397537 0.806845795273243
0.314294031967546 0.871525278255122
0.392602273911518 0.862836982991005
0.510627800836520 0.984006942708048
0.297342060272275 0.951422037068485
0.219695102991394 0.925881144556162
0.167613611168979 0.877916079423351
0.148924221819697 0.905336094976094
0.209773976453475 0.945996081897056
0.196610113697411 0.993968651161515
0.127943395696554 0.990518318484779
0.096241964537763 0.950424314453464
0.066053266667786 0.977121205058471
0.051590487384978 0.961893088166552
0.020574946897372 0.925960495102201
0.032721241951325 0.909794221124516
0.142114845170693 0.875165960227682
0.086400570853800 0.872770678192736
0.014691034338759 0.719312458168395
0.277121530043483 0.854841457612273
0.195333120038422 0.711289207316604
0.174286688293464 0.657682735779175
0.030283438055908 0.606720372851342
0.523161760774982 0.756293435001883
0.289120977413431 0.675871941575721
0.449549881019420 0.727261256299569
0.452375212429266 0.699283483298162
0.427068393410681 0.691420101416959
0.231258296049786 0.645831675103787
0.408066206336052 0.713474012312234
0.150822040695149 0.618712047868740
0.085997521451673 0.600377726182518
0.256899517614813 0.640888668429520
