0.130508897421187 0.093576810366277
0.331973995702329 0.071684271596225
0.484626647776285 0.092923992356716
0.799527659918893 0.010328604844552
0.935348445985163 0.209797796425315
0.906278601338285 0.443827440703207
0.556379293816341 0.320692157056505
0.824991943698838 0.605869457873455
0.949957973300460 0.642488055696007
0.895425126373500 0.748032921342194
0.865912543547299 0.815105253278792
0.625290205527698 0.974781676649480
0.538873833389428 0.380702194003715
0.513970023260438 0.721840600819253
0.395861943902384 0.505624809072178
0.399149467423162 0.690243025631757
0.468746309852575 0.723160201554727
0.415358145449012 0.869379918961497
0.299468414531773 0.600429226458273
0.170889582098876 0.890570024908786
0.200911777187563 0.540589478118620
0.139611440775735 0.792197082094940
0.249875368666777 0.200755203701907
0.169752432112467 0.247893742401103
0.149798800307232 0.188374055171560
