0.045552048387729 0.523293933609172
0.049798988294694 0.318707863017315
0.087789520196519 0.387902998080432
0.139674416342599 0.417242472719980
0.204927550724208 0.465983083222985
0.223054889227755 0.321596263591943
0.176962798078061 0.230336219645262
0.248310630325373 0.186219419439425
0.259399202307406 0.071222109753276
0.262526543933212 0.108964552687930
0.306911395539954 0.095154638912135
0.358640217854939 0.045186853988649
0.432079424817152 0.029558586436118
0.231174045350018 0.463307798590189
0.245831467791382 0.441060600076365
0.357896716966246 0.300299188261991
0.366299944169028 0.251702574664588
0.592580519892546 0.055973988052445
0.233444248900490 0.516531964538867
0.600731200352652 0.101158143068272
0.360184104349550 0.384511093322426
0.220724619562144 0.545316066846864
0.637364575470502 0.069095435584474
0.627515588713584 0.109186379289807
0.636652520222893 0.127755867376810
0.505231944613732 0.299302405817109
0.462859968870347 0.351310840505786
0.303376936029353 0.554649995898199
0.501839905279614 0.308867436511846
0.695477329052741 0.069141565388600
0.678699656705698 0.201264105365269
0.428510140827163 0.472459221944427
0.428463996587537 0.436443368176205
0.381034971392264 0.542967798441168
0.248164223622607 0.694579682636345
0.591648194748744 0.335673148434457
0.315919557733424 0.629433130207208
0.813223670615453 0.118929351269700
0.732619853565758 0.256987456351978
0.499183142790190 0.484573275076492
0.340338759748423 0.629469624547972
0.513208486378756 0.510564345638530
0.580649367804010 0.457508073401408
0.679979315344235 0.364475162869541
0.812028689688085 0.281937901527592
0.887704774685067 0.244501750564436
0.763515375444440 0.325818055461076
0.917759428693801 0.234859373064181
0.853654387804519 0.280404852368126
0.526953618287553 0.514992830583357
0.559704692829263 0.491980688409871
0.820321325129048 0.314563069173397
0.728339679412702 0.405302770624544
0.818465571766005 0.327704599279773
0.924412112647859 0.288157805003299
0.499701053136820 0.550696624699373
0.548627503937403 0.541221083859550
0.438625355455384 0.610113885537774
0.793961163048614 0.439626538865094
0.861721976130140 0.424869478412377
0.975228441867618 0.416222863093122
0.730820750226649 0.511759957071282
0.630415029186017 0.545379773967611
0.405389658364183 0.675523596664669
0.996050362007716 0.438696038647879
0.968911979798652 0.474736608785920
0.473072179813437 0.674032381583952
0.474139305518074 0.690403144196795
0.967822526100940 0.555277083793318
0.898581158322553 0.629803738384416
0.450917601329702 0.695001492600423
0.445210845882637 0.744731502022935
0.632920223117303 0.725959638471696
0.903249780136743 0.699947494408091
0.745109967768709 0.748563952626923
0.597138800936350 0.783910122133750
0.545881452758741 0.779845158001336
0.491403817427998 0.812887934880745
0.666943996523947 0.798535276576195
0.678272817134053 0.841296444107451
0.846162755902001 0.834937102550146
0.852187409928156 0.848312713600841
0.752759962227549 0.911246244754291
0.624400394793786 0.951645608968868
0.605603038615362 0.940531392088407
0.320314776301531 0.833333022814865
0.463490360632301 0.913480529055689
0.493490027493560 0.943145715605070
0.369196827229670 0.904505121477183
0.304795539614184 0.903160789005068
0.388620295742815 0.931596514271384
0.467680347369835 0.986015681636527
0.243825764043176 0.898608699393742
0.145155060172619 0.811359187500253
0.140090802284000 0.758617938383770
0.144622250527433 0.748096211696088
0.208981826067428 0.703576653592091
0.127836394648923 0.515422089731052
0.055764832094202 0.716128626240477
0.047216426137470 0.542267845730422
