0.021836172333842 0.125353117531796
0.264141746454007 0.311953401338287
0.492391794683594 0.574890159803857
0.524165153281840 0.592789276779065
0.519631068929858 0.520079021118618
0.634447491557546 0.615840157780722
0.453347515525924 0.289406827785730
0.563947147952368 0.304782872695840
0.423219156648600 0.146382912130273
0.249479443882350 0.008533388380210
0.253961278243904 0.004787174987042
0.508450918602036 0.000031344126925
0.556022077126439 0.137620986037711
0.623110723040584 0.292852222590173
0.739266302315177 0.029394492986330
0.758655393849432 0.085965553804285
0.714903503057968 0.337226632208203
0.687979870330533 0.458457278301221
0.688293006125974 0.526818637050138
0.698489087959048 0.518525065629988
0.952867705353008 0.179023968604870
0.977278226044624 0.145042507976779
0.923485727013781 0.246969956553993
0.740344374785360 0.567751460973058
0.805863024576503 0.512985364772838
0.952879278432987 0.456415288362845
0.937246298388227 0.542508913456699
0.799900321196718 0.608270751129962
0.869611292551091 0.598626679088281
0.905289253175859 0.779527153717134
0.871382645271431 0.794409565531839
0.872392244111929 0.939448107937094
0.809550068718172 0.874910340586170
0.803938588967518 0.975129520508987
0.735770352061731 0.959336330163915
0.688760753110405 0.914265259594780
0.273553377144762 0.899491701693969
0.276979022322678 0.977515316092183
0.166079214851409 0.857984311812550
0.570115449172498 0.826527208009049
0.422331781323222 0.811491282569008
0.316585822643985 0.788186351204378
0.117152860908375 0.779377886922740
0.093256351581428 0.647021835039846
0.296281543232632 0.701925457782077
0.113004996493927 0.610244138916137
0.069809782816940 0.531772478731243
0.431294547129094 0.661717529251109
0.294290044016340 0.593989223518404
0.114930324309939 0.328667957954420
